[uni6]
账号=界头庙盖伦
密码=000000

#上架资源任务调用
原主星ID=71468

#190525添加，转移探险的主星
#当前【探险】、【重置探险】、【删除三体】、【收渣】、【暗月】都会进入这个主星操作，
all星=2:249:12
allID=71468

#冒号分割银河系、太阳系和位置，分号分割不同的星球
挨沃收集星球=2:249:9;3:249:7;3:349:7;2:247:7;2:249:2;7:248:15;2:251:15;7:220:15;3:233:15;2:249:3;7:243:15;3:348:15;3:232:15;3:349:15;3:247:1

#190525添加，转移探险的主星
#【挖矿】从这个球出发操作
挖矿出发球ID=77177
挖矿出发球=2:247:7

挖矿球=2:247:19
三体球=2:249:20
探险球=2:249:21

#190525修改挨沃1830到1，放烟花了
探险挨沃数=1830
暗月科考数=1
挖矿船数=180

#探险前是否删除三体星球，1为删除,0为不删除
删除三体星球=1

#任务相关，从这个星球扣除相关巡洋舰等
存放舰队星球号=71969

#任务相关，拥有哪个银河的残卷
残卷对应银河号=2

#所有星球ID到星球地址的映射，注意地址用冒号分割
[idtoloc]
71468=2:249:12
71969=2:249:9
72088=3:249:7
76427=3:349:7
77177=2:247:7
81291=2:249:2
87535=7:248:15
92300=2:251:15
95237=7:220:15
99024=3:233:15
100604=2:249:3
104199=7:243:15
104767=3:348:15
105670=3:232:15
106332=3:349:15
110842=3:247:15

#所有星球地址到星球ID的映射，注意地址要用减号分割
[loctoid]
2-249-12=71468
2-249-9=71969
3-249-7=72088
3-349-7=76427
2-247-7=77177
2-249-2=81291
7-248-15=87535
2-251-15=92300
7-220-15=95237
3-233-15=99024
2-249-3=100604
7-243-15=104199
3-348-15=104767
3-232-15=105670
3-349-15=106332
3-247-15=110842
