[uni6]
账号=noob
密码=111111

原主星ID=68950

#190525添加，转移探险的主星
all星=8:333:8
allID=69427

#冒号分割银河系、太阳系和位置，分号分割不同的星球
#190525添加，转移到新的主星8 333
挨沃收集星球=7:233:15;2:28:8;2:29:7;2:28:7;2:29:8;2:26:8;2:30:8;2:27:9;2:27:8;2:26:9;2:29:9;2:28:9;2:31:1;2:27:7

#190525添加，转移探险的主星
挖矿出发球ID=72457
挖矿出发球=2:28:8
挖矿球=2:28:19
三体球=8:333:20
探险球=8:333:21

#190525修改挨沃1830到1，放烟花了
探险挨沃数=1830
暗月科考数=1
挖矿船数=20

#探险前是否删除三体星球，1为删除,0为不删除
删除三体星球=1

#任务相关，从这个星球扣除相关巡洋舰等
存放舰队星球号=69056

#任务相关，拥有哪个银河的残卷
残卷对应银河号=2

#所有星球ID到星球地址的映射，注意地址用冒号分割
[idtoloc]
68950=2:27:7
69056=7:233:15
69427=8:333:8
72457=2:28:8
72943=2:29:7
73229=2:28:7
73874=2:29:8
75868=2:26:8
76958=2:30:8
77004=2:27:9
78982=2:27:8
84501=2:31:1
85079=2:26:9
90616=2:29:9
11273=2:28:9

#所有星球地址到星球ID的映射，注意地址要用减号分割
[loctoid]
2-27-7=68950
7-233-15=69056
8-333-8=69427
2-28-8=72457
2-29-7=72943
2-28-7=73229
2-29-8=73874
2-26-8=75868
2-30-8=76958
2-27-9=77004
2-27-8=78982
2-31-1=84501
2-26-9=85079
2-29-9=90616
2-28-9=11273
